[    10s] repro {'ann_excess_%': 2.5178, 'diff_ann_%': 0.2996, 'diff_t_nw': 1.9539, 'diff_p': 0.0507, 'diff_h1_%': 0.1294, 'diff_h2_%': 0.4698, 'n_avg': 75.47916666666667, 'turnover': 3.1391721587027734} {'ann_excess_%': 2.1115, 'diff_ann_%': 0.2743, 'diff_t_nw': 1.7897, 'diff_p': 0.0735, 'diff_h1_%': 0.1013, 'diff_h2_%': 0.4474}
[    11s] years {'2022': 0.067, '2023': 0.192, '2024': 1.124, '2025': -0.185} {'diff_ann_%': 0.3355482118566437, 't_nw': 1.9223325248448917, 'n_months': 36} 0.7965387021856276
[    23s] loo {'without_ma': 0.153, 'without_rating_down': 0.2752, 'without_agd': 0.3173, 'without_resgate': 0.2825, 'without_rj': 0.2962, 'rj_only_365': 0.0019}
[    89s] windows
       kind     f   ma  rating_down  agd  resgate   rj  diff_ann_%  diff_t_nw
0    scale  0.35   63           63   63       44  128      0.1193     1.6811
1    scale  0.50   90           90   90       63  182      0.1557     1.7432
2    scale  0.70  126          126  126       88  255      0.2372     1.9670
3    scale  1.00  180          180  180      126  365      0.2996     1.9539
4    scale  1.40  252          252  252      176  511      0.4102     1.9657
5    scale  2.00  360          360  360      252  730      0.4132     1.6137
6   random   NaN  365          252  252      365  180      0.3826     1.5449
7   random   NaN  252          365  126       63  126      0.3904     1.9895
8   random   NaN  126          365  365       63  180      0.2743     1.9018
9   random   NaN  365           63  252       63  180      0.3756     1.6296
10  random   NaN  365          126  126      126  252      0.3855     1.7359
11  random   NaN  126          365  180      180  180      0.2822     1.8444
12  random   NaN  180          180  180      365  365      0.2542     1.5446
13  random   NaN  252          252  252      126  365      0.4160     2.0642
14  random   NaN  180          126  365       63  365      0.2773     1.8539
15  random   NaN  252           63   63      180   63      0.3776     2.1034
16  random   NaN   63          180  365      180  365      0.2129     1.7543
17  random   NaN  365          365  252      180  180      0.4192     1.6824
18  random   NaN  126          180  126      126  365      0.2433     1.9792
19  random   NaN   63           63   63      365  252      0.1355     1.5171
20  random   NaN  365          126  252      126  180      0.4002     1.7257
21  random   NaN   63          252  365      252   63      0.2080     1.6448
22  random   NaN  180          126  365      365   63      0.2576     1.5568
23  random   NaN  180          365  365      252  252      0.2848     1.6045
24  random   NaN   63          252  180       63  126      0.2211     2.1293
25  random   NaN  180          252  180      252  365      0.2818     1.6976
26  random   NaN  252          126  252      180   63      0.3762     1.8513
27  random   NaN   63          252  126      180  126      0.2063     2.0797
28  random   NaN  126           63  126      365  180      0.2077     1.5581
29  random   NaN  126          180  365      126  180      0.2742     2.0724
[    98s] topK {'00776574': 2.343, '38482780': 0.672, '12528708': 0.666, '12104241': 0.659, '07415333': 0.574, '10285590': 0.487, '61532644': 0.434, '33042730': 0.43, '09527023': 0.393, '06977751': 0.39} {'ann_excess_%': 2.6225, 'diff_ann_%': 0.1814, 'diff_t_nw': 1.2799, 'diff_p': 0.2006, 'diff_h1_%': -0.0639, 'diff_h2_%': 0.4267} {'ann_excess_%': 2.6769, 'diff_ann_%': 0.1639, 'diff_t_nw': 1.1684, 'diff_p': 0.2427, 'diff_h1_%': -0.0845, 'diff_h2_%': 0.4122}
[   140s] placebo random dates {'mean_%': 0.4299449999999999, 'p95_%': 0.5180750000000001, 'max_%': 0.5936, 'frac_ge_real': 0.95, 'draws': [0.514, 0.457, 0.381, 0.406, 0.499, 0.513, 0.488, 0.365, 0.422, 0.442, 0.297, 0.328, 0.392, 0.451, 0.389, 0.446, 0.429, 0.404, 0.383, 0.594]}
[   145s] placebos {'ann_excess_%': 2.4712, 'diff_ann_%': 0.253, 'diff_t_nw': 1.471, 'diff_p': 0.1413, 'diff_h1_%': 0.1204, 'diff_h2_%': 0.3856} {'ann_excess_%': 2.9841, 'diff_ann_%': 0.7658, 'diff_t_nw': 1.5546, 'diff_p': 0.12, 'diff_h1_%': 0.1522, 'diff_h2_%': 1.3794} {'ann_excess_%': 2.6164, 'diff_ann_%': 0.3982, 'diff_t_nw': 1.6311, 'diff_p': 0.1029, 'diff_h1_%': 0.0881, 'diff_h2_%': 0.7083}
[   145s] done
